280
809
509
31
708
927
748
624
969
272
316
183
892
84
968
295
813
16
936
587
576
841
777
96
348
21
359
146
638
744
425
876
288
642
255
435
859
427
568
415
779
125
152
886
884
723
998
583
761
350
316
978
996
155
205
740
88
788
90
431
807
899
895
964
819
276
869
970
993
22
608
209
391
424
436
195
588
406
772
334
507
515
718
35
442
463
222
317
917
831
372
575
581
328
515
350
858
318
163
227
671
878
366
575
598
576
985
930
661
450
528
287
513
308
227
45
394
328
54
124
605
959
973
653
464
865
654
628
291
507
54
465
530
27
579
207
620
143
991
45
786
573
656
427
545
644
312
218
603
857
175
18
773
11
678
520
549
347
678
676
861
209
324
529
875
297
475
486
69
799
509
655
819
413
640
326
603
91
282
92
813
524
760
709
551
674
677
842
227
206
94
904
497
63
877
366
781
38
303
721
141
555
208
537
575
453
49
877
766
294
593
698
95
19
960
577
557
171
1
753
676
974
701
2
344
137
794
214
667
790
31
645
756
803
347
489
184
362
678
956
291
350
351
560
894
591
684
933
960
448
618
388
661
603
230
532
380
559
283
963
187
762
499
586
654
887
457
89
924
513
588
500
284
815
112
835
93
654
365
335
280
355
355
724
738
11
245
245
903
556
452
88
713
245
148
382
317
163
931
810
307
87
118
224
970
21
95
784
600
530
282
516
703
479
640
335
634
532
582
553
283
271
798
195
183
489
96
91
52
304
785
160
191
580
981
71
396
692
368
767
304
712
866
47
75
480
355
608
817
384
730
441
707
478
307
209
64
34
924
401
196
573
568
985
36
75
703
876
354
247
772
706
727
406
476
645
875
220
983
116
335
394
767
290
625
621
671
860
658
381
96
227
797
517
815
228
425
626
121
510
56
990
938
637
160
343
582
614
948
790
834
529
153
977
109
875
521
886
654
425
123
57
560
209
991
59
709
345
905
123
48
192
388
512
170
279
794
226
610
505
701
560
967
366
833
211
926
405
259
404
472
613
159
722
424
651
216
964
828
848
707
735
273
258
68
990
956
781
433
888
236
116
87
881
626
371
66
933
285
211
382
192
741
672
247
637
100
647
209
904
222
96
261
372
862
123
425
297
657
468
276
421
617
871
489
895
709
754
899
412
518
400
551
42
436
480
941
567
661
573
826
620
636
333
890
465
781
443
696
434
798
446
673
893
867
843
638
152
402
584
739
323
641
935
727
351
374
852
745
667
428
549
13
49
38
488
101
477
334
750
30
313
842
200
873
492
616
141
258
100
276
62
312
928
935
961
813
24
737
68
634
632
576
981
987
547
279
383
148
980
751
769
741
745
54
704
597
885
495
457
789
413
192
635
392
867
539
452
51
813
489
350
601
568
604
671
581
884
717
103
22
153
359
947
570
906
167
941
109
534
426
327
99
874
583
347
857
476
270
960
301
606
577
753
467
999
61
995
460
187
117
981
406
704
116
418
33
471
991
301
836
498
370
655
295
725
283
593
821
228
715
758
805
465
357
180
715
50
865
898
599
794
59
370
122
783
482
876
292
986
768
914
123
810
466
345
611
482
962
507
809
890
395
186
428
113
241
333
219
511
361
330
947
864
349
509
644
782
93
960
376
223
319
946
365
500
25
113
508
245
976
983
713
723
85
33
312
78
961
475
860
65
804
882
636
97
788
648
258
566
394
724
920
496
767
221
357
700
369
25
470
618
904
587
802
399
712
42
692
116
669
674
89
57
645
144
921
464
833
809
854
15
687
144
281
761
781
996
152
70
944
389
602
107
26
131
869
596
822
361
777
942
52
678
687
13
287
827
699
784
789
717
278
554
588
178
830
71
351
117
594
431
865
197
794
431
466
150
633
19
932
998
823
497
54
194
23
498
824
246
852
854
528
513
286
326
845
500
691
234
325
929
936
14
955
743
413
691
702
20
876
863
889
298
264
773
700
829
887
116
289
412
843
111
236
903
984
562
49
233
663
366
61
75
202
705
12
899
373
131
432
275
242
141
333
19
714
873
9
377
335
133
352
695
464
332
437
591
56
575
580
535
334
26
763
436
348
725
25
449
569
421
418
419
678
817
337
209
373
287
285
423
147
960
972
627
623
210
198
171
493
326
78
271
761
929
378
682
338
606
630
659
89
560
249
195
304
261
86
121
512
130
855
467
275
696
117
447
725
287
594
929
986
492
550
55
302
91
819
943
617
560
322
832
267
792
402
74
18
191
667
966
328
206
306
269
8
863
220
904
