2462
5941
6807
4005
1862
2313
1365
2243
3211
2581
1120
7325
9597
2340
3759
5871
4213
73
7680
5199
8058
7072
2518
2040
5487
5376
9080
294
9160
6604
5285
1863
6420
9313
5302
5321
6810
258
7288
2899
2545
8278
6488
5319
6142
5192
4022
9237
9213
7921
5489
1011
3508
5680
1755
4437
2893
1310
7391
2691
519
6774
3190
6036
5971
3929
8498
4358
8248
3959
8546
3033
5785
9608
9255
3677
5426
7835
625
8349
5364
7604
8632
5690
6830
2747
9420
1875
1993
9426
7758
9168
9098
5340
1776
579
3223
9070
2372
8105
6436
6857
6465
7701
1763
2702
3225
9085
2177
4979
7443
162
344
6600
9601
4691
5255
1658
4811
6018
9698
1645
6596
2318
9334
3438
5621
2103
7271
2416
1656
1567
9013
5206
9610
2946
3326
2285
8871
4735
4630
4358
8437
7481
1786
2177
5536
4604
6091
9094
7
5121
3703
8023
3235
6545
6588
2336
6500
2177
5574
5261
1784
4004
2019
80
4385
4319
81
7759
8078
5791
9121
3527
4952
438
3366
6634
2101
867
7388
4179
3694
9110
2811
2295
5958
5067
859
2814
5163
6665
7924
9852
5494
9128
6937
2292
8380
3464
5620
5894
9769
1884
9295
3654
3989
8635
7636
9007
3112
2707
6070
187
7536
7540
2858
2166
851
8538
958
7745
1955
8337
2140
5014
7435
3204
30
1044
3685
7777
485
6926
8914
4960
2538
1816
8156
3470
3962
5579
1465
7882
9058
5380
1636
5542
8558
6713
9913
6110
8249
2267
4921
4609
8789
1698
6031
8463
5326
5792
7985
4152
5616
3030
6366
2182
5636
7744
5083
3693
8494
9383
9920
2320
358
6683
5874
8166
6042
5829
9185
8929
2374
4587
518
4707
92
2631
2755
7973
5472
9353
6256
5011
713
7488
8803
4673
8622
234
2626
3716
8583
175
3815
6757
6996
5942
9046
9386
9096
8272
2561
9192
4425
9183
2189
4310
7566
7316
1205
2581
9455
5395
9113
7852
45
429
7254
3531
3338
3647
4150
5094
1235
9611
5095
6578
3004
2067
819
3602
8052
2176
7889
5409
3133
7677
868
8856
1458
2708
6381
6354
9228
2456
5633
7051
6382
4633
1001
2269
3290
5635
7074
1834
7290
361
7284
3404
473
8620
3997
4701
9888
8205
7619
8964
6306
3547
6618
4208
8789
4538
5122
4277
2315
226
4033
8045
1546
4655
8836
3189
9693
3207
7066
9275
7712
3816
194
1234
6331
9345
8505
6071
8862
1437
7961
3360
6303
3103
7414
8292
2968
3340
9557
4174
3553
2568
2727
7325
3695
5191
5183
5986
8195
2198
5825
1925
6229
7173
7614
2526
8061
7499
6181
4085
206
7911
2644
1850
2107
6224
985
7540
7090
1220
8712
1573
9990
2532
2384
2168
666
662
5109
4286
3333
8251
7432
2395
4654
8389
2987
6739
7850
7867
6602
5230
5925
7064
4457
5085
4574
4720
2215
9763
6688
7804
2351
1566
9659
5911
4267
8543
9319
5918
6852
3918
6034
4351
244
9274
9680
88
3780
8630
7474
4496
7556
9148
7810
9324
9032
1822
1644
1428
7054
3383
5662
9624
2270
9929
8923
8510
539
8330
5830
1399
8249
5523
6924
6050
749
7340
2398
2362
9968
7709
719
1331
5303
1130
5599
4961
400
8155
8567
5591
4297
6989
3262
7830
2257
5431
6009
6656
9336
8953
1769
7485
5075
4406
7319
7628
8457
6054
285
9970
3876
4845
4483
4616
9873
8165
8754
2128
7553
2762
6630
385
2850
8880
2581
1597
9649
1111
6259
818
5384
7731
891
7426
3530
4340
2685
8767
7010
3612
9012
2147
3334
2447
7727
4805
5571
9348
573
3450
4716
6556
9660
5295
3570
745
6944
4141
8400
9294
5548
3226
6543
4270
4594
6854
798
9422
3893
300
8089
861
665
3660
2089
6366
3819
849
5033
3464
5174
8308
263
7908
4792
5429
8741
2318
5101
5440
3549
1460
959
1587
3475
5719
9760
2930
742
1181
791
9663
7594
167
62
2690
8558
4320
9914
4475
8392
2343
9386
5231
1140
6151
3896
6871
5589
540
7366
3747
4108
7692
7399
3760
3925
1174
4543
6726
8036
2620
232
8632
7978
4797
3110
8711
2882
6880
2793
5212
6410
3289
2702
7623
9300
6850
7453
6911
9120
4083
8970
1481
6753
6454
6153
7934
4821
3159
3417
3373
1180
856
1652
747
5735
639
9517
396
9365
828
9361
1981
4536
4512
4102
6576
1237
1040
8408
6535
536
1618
6046
6677
2172
6449
8484
4713
6905
2452
2480
3866
7527
239
684
6119
7265
4256
6077
4400
2241
6454
8503
7305
7227
4492
7159
1807
5330
3946
7038
5364
4964
8245
8410
3992
3365
9471
1537
4934
9379
2228
218
6901
3435
7001
1246
6986
7128
3959
9452
9522
672
4758
9750
6319
8331
7448
8618
2809
8722
6089
1679
7477
4875
4451
1364
9037
833
7633
1868
9137
8554
8439
3580
8911
7624
6962
1286
1485
2180
9127
5698
5921
9203
2145
8614
1858
1395
4127
752
6520
4706
6426
3321
2113
1494
828
7494
8643
6166
3254
4364
5149
5612
7677
7879
9732
7366
7780
3256
7356
9407
1289
1772
7384
2413
6734
6907
6526
8149
9581
3839
7503
1921
5594
260
2464
8313
7221
4161
8568
1468
5063
81
7623
8097
4482
5212
243
5660
9899
2023
2059
6234
932
9606
2452
3980
9334
2366
975
7771
5682
7284
56
603
613
4286
2092
1882
1247
3973
5739
2723
2029
4685
4354
1317
7892
6820
4466
9910
9934
8725
8962
6600
4936
1115
8256
1924
3614
9135
9337
1805
2021
7691
7222
5336
5413
5564
2917
8677
6458
5386
1551
6651
2566
9630
136
7825
9448
7167
497
7316
7822
8322
6179
921
1169
1756
5044
9995
3380
2948
1080
9675
9350
4847
4590
8357
766
3812
7742
7224
4393
5858
7788
2381
320
1160
3793
238
5856
1170
3625
134
2475
6705
5522
1187
64
7131
8235
6060
5030
1768
5064
4702
6879
3752
1821
9650
6541
1504
6269
3022
9316
4659
7437
5246
1054
6301
2293
5201
7548
2410
2906
4348
5187
5512
4838
9090
209
4623
2457
1358
7493
7684
6865
6476
1715
2339
221
9920
1892
8125
6127
2169
8460
8444
2439
3725
6530
7793
483
66
5489
8186
9744
1201
6047
9635
6947
1163
8547
1208
918
3053
7860
3223
3856
5340
6142
2302
1636
5284
4389
5615
1525
2388
5587
1555
3549
1472
5160
471
855
8910
647
2709
8331
7149
6979
526
4384
35
100
9519
4928
7071
6258
5283
7836
7598
4569
1294
2649
1264
8999
4665
7441
1321
1110
5408
3968
2270
4040
3423
6180
3936
9103
5083
2273
9095
9298
6172
614
8627
7416
1231
8152
1784
6616
9029
7374
8853
2619
487
1711
6129
2831
5796
3802
6148
912
1904
9674
719
9484
1541
2911
3030
2815
9447
7997
1628
9542
3326
7677
3764
3540
3791
2451
6359
8016
6017
9993
2125
4206
8968
3216
3561
3483
79
7545
2506
987
327
4230
9933
6835
4808
7446
8448
1090
8846
1606
6129
564
3690
635
4704
6555
2753
5507
5760
8653
9525
677
2859
6371
773
1236
270
2810
3019
8582
4458
2413
7454
3874
2541
7461
8401
4919
3019
2900
9376
190
5596
4670
4921
1668
1499
4125
9825
1834
2592
7892
2720
6544
2048
3335
2515
3065
2810
7960
6883
4794
2592
6533
1657
8428
5979
4007
1200
7121
180
7997
5061
682
5525
706
5922
7807
1998
7750
3314
4162
5714
7443
3437
2392
3172
3046
8202
9838
9334
2126
856
1547
7220
5557
2063
7140
6643
6693
2225
5612
8083
5498
2077
8492
8357
8839
1251
489
8043
2850
5871
1852
5351
609
3535
5997
3750
3516
6127
6909
1530
6677
4276
1095
3787
8973
9127
8310
1445
6116
4137
7675
3469
4576
5710
1121
4487
9097
2323
2715
9633
6814
7824
9772
116
4624
9007
1464
172
2654
393
6778
2507
6232
9426
2285
7313
4944
8831
4458
8168
3392
350
5725
5211
8805
6093
7142
29
7732
9639
2992
8335
9056
5774
8128
6149
2236
8024
1482
913
1937
2198
1091
568
5767
1129
5335
7606
5134
9807
911
607
8015
1470
8277
8995
1141
7280
4359
7952
3335
8859
6746
5398
6931
2258
2370
5967
7827
7694
4231
2090
6396
7041
5523
5602
3025
9345
808
2064
7448
4364
4791
8338
9668
5504
4305
6511
5798
4709
2029
9619
7543
6614
5298
3844
9811
5189
9503
7992
2380
8256
1776
6605
3187
8688
237
8254
2237
2090
5973
6474
3936
6031
5267
587
8620
4347
9135
3228
8686
5192
3187
8722
2509
4419
4679
5135
3061
9920
1500
6286
1610
8693
1934
5148
2346
7164
3767
4063
3017
5262
9420
7613
2478
3297
7123
8676
4336
5545
1696
9000
6368
430
3688
1267
2730
3626
9279
7904
6867
352
4849
8506
7201
9735
7561
1783
3742
9146
2662
6543
9111
5720
7120
8454
4087
603
730
2732
2306
4497
4197
5529
6702
8449
8113
6344
8101
9235
6638
2650
6304
9154
2993
6415
1173
7514
485
3121
8397
4639
5077
6624
6284
7724
596
8683
7432
958
7187
4908
1003
5463
4103
9821
6113
4605
7932
7866
7674
3284
1418
1565
1648
495
5232
2830
4630
7343
8321
8780
704
6121
6685
1789
7001
565
5911
4694
39
5343
5877
7878
5850
8337
6904
6747
4768
9675
9706
6818
2826
2781
304
7594
5350
6734
9103
2236
4295
190
3509
2733
7654
3625
4676
5248
5363
3266
1185
6888
7418
653
6963
593
2876
3380
5448
545
9903
350
3589
2577
3990
343
8650
6500
7148
6560
4273
8714
2517
809
2475
2541
3106
56
7247
1345
3994
9314
6430
6013
1013
9556
6029
7598
9526
8396
7378
9930
9790
3679
3884
2937
5739
22
2923
4211
8588
1174
5806
7244
6271
3427
3843
9463
7430
3088
1215
84
695
7234
4895
5046
3799
2588
8967
2826
3342
6872
1592
337
9936
6383
1803
7453
238
7421
823
8523
2296
6478
6109
9904
4468
8459
9036
6182
4430
9334
163
8942
208
6816
4933
1402
2308
2897
8992
579
7526
4143
8530
3922
7759
5970
5613
4848
148
6544
4900
4433
1034
2724
1439
8550
5267
690
8459
4064
5041
747
9745
87
5280
9620
9286
7407
9919
4639
3894
1846
4256
9072
9214
982
8152
8275
1268
6907
4111
1993
7683
4387
1318
5122
9247
4150
1517
6029
1844
5297
455
1007
3179
6670
4462
3907
2817
7005
9837
9059
4912
846
3303
619
7851
393
5340
7223
7571
9907
3369
4708
5803
8317
8291
656
9515
6558
2074
6796
4089
1784
5648
6124
2201
9060
7344
8656
2774
8459
8127
7800
9446
3411
7960
48
5400
2082
5888
7855
661
1178
1401
9707
5657
2433
9875
6065
2099
6239
1328
4803
2678
8437
3357
8197
5485
8585
3449
9348
2818
2153
7123
8575
3597
6937
4116
8425
9607
1806
8205
1119
6069
4434
4639
8820
5934
9203
7154
7727
7687
1193
1566
1275
9311
6183
9065
5827
1974
8971
9527
221
166
175
8869
4696
162
7860
4030
1595
8542
433
7485
5780
3909
512
9047
296
6973
1260
4423
2655
8367
598
979
4902
3714
6932
2811
3657
1321
2042
8756
9034
2503
1676
4813
7873
5920
716
6287
5793
1970
1805
8696
6687
4704
3588
9835
1886
1702
1979
7706
1344
1360
3674
4856
5696
8895
9199
3819
338
3502
8937
1514
3572
7285
5681
9963
705
2921
8755
72
9671
9142
6624
2214
1312
266
5537
4600
5231
9345
9571
1095
3875
8514
4694
1612
9650
8375
890
8916
8308
9349
9147
8451
4919
4261
2597
3037
7758
9525
962
3881
2189
6785
75
1218
2438
9021
1418
4992
4050
6110
6584
2015
1954
3241
847
6878
8948
2777
395
5235
9669
5714
8428
851
9418
943
573
6833
9324
1111
2445
5544
8877
3948
5124
5349
496
8480
4970
9170
438
1750
5165
5104
4056
1642
2184
451
615
5943
2189
2193
7646
3170
8506
5725
9960
3834
5891
1898
2219
467
1068
5422
9954
8228
9468
1840
9852
7484
8979
7550
1559
8277
4217
3984
9166
1853
7777
176
9417
587
5153
3972
3009
3724
1015
1052
9612
8140
6470
3919
748
6884
2785
8246
5659
9602
4858
5632
2577
3580
9027
8051
5134
2128
4657
2450
7302
2498
5025
13
3395
3539
1505
4134
3124
9631
2031
5713
3596
1625
4387
2025
4859
9852
522
9816
1437
7875
7501
5623
3443
6840
437
4717
2394
6981
104
7288
1653
6175
5563
3500
5654
3705
4956
3102
2059
4274
551
9494
3605
4279
2322
4796
9526
5429
784
4658
2090
530
2392
7860
9231
7351
7067
4563
575
7382
34
3866
1312
9814
4705
3191
615
585
3776
6494
5878
2565
1750
5809
1795
5705
1775
2009
7708
5100
8163
6223
3389
6264
5936
3891
1547
8924
3473
9264
5289
591
6436
2936
5198
1001
8648
2217
4655
5166
4876
6926
7028
13
7666
3495
9165
8796
4852
120
190
5454
6949
4537
2385
7876
5344
5509
5732
3966
5381
6826
317
3966
6397
3851
9596
5320
1227
7212
7711
4947
9568
7170
1263
8285
370
1922
2786
3171
9622
7562
4987
8234
2345
7839
6786
8678
3431
388
4487
9835
7839
3383
1044
7212
2184
7523
8592
643
597
8446
4666
2151
5975
9965
8107
3372
8489
9660
1008
1633
9835
6784
8367
4624
8362
3662
3775
8402
6695
5674
913
9486
6002
7601
7699
9873
5784
1639
9879
734
9831
5670
4579
4778
1603
4395
6744
1082
2188
4964
3639
4675
9282
6406
6418
592
4738
4537
8475
5622
472
3471
9690
6375
345
1336
2017
6890
115
9839
9451
8772
3954
9637
8501
2180
3725
1560
4901
9704
6088
9015
9258
2401
6539
4396
6591
9215
930
5950
2695
9128
9309
9802
9534
8305
238
6754
6028
2762
1541
7507
4670
4252
6201
6958
1691
6728
3285
5426
4573
7635
9155
2289
936
3542
7493
1997
3092
5839
7521
8893
4680
929
7484
6907
8038
8978
9760
6570
4817
2148
8783
9550
9222
8198
2061
9240
2856
8567
3056
4576
7111
6582
5721
131
6683
7434
495
1354
1756
3407
2228
3869
1235
6212
442
6555
1930
9364
2255
942
8230
439
4586
8041
2164
7426
832
4555
3397
2131
7437
6451
5959
217
5475
4641
877
5680
6052
3552
1258
2562
3113
9165
9339
7355
9787
8889
3254
845
4156
9500
4158
7787
7
1234
7296
9113
346
3919
1549
5491
3837
2165
8785
9384
2648
659
3432
9250
3353
5563
714
5906
1270
586
498
7310
2489
4469
8324
6126
4219
1492
8094
9773
5585
9730
5842
3390
5755
642
8691
1271
4576
2059
1862
7009
5586
7965
6210
7643
8399
999
4497
6286
1599
161
4978
1376
7158
5763
6588
2774
9954
1766
3928
1968
7069
3884
6509
8582
2906
4395
3128
1362
2854
8228
7538
5838
4725
3754
4536
4217
6627
6532
5673
3993
3987
9226
203
548
6081
7094
9058
7132
5387
9081
180
2280
4068
6436
6780
4605
8969
8753
6848
5169
5770
919
1805
1091
8808
8110
1249
4642
5592
9249
2259
940
7366
8160
5902
1121
2386
3741
8590
3044
6792
5612
4462
2919
9835
1167
59
9867
889
8562
3650
7063
1850
7453
9556
6606
9838
5027
8095
6850
9761
3878
3101
7262
1597
5314
9681
3226
7475
9653
8189
6994
4320
9979
2138
9455
8855
9904
6211
1299
7383
1201
6004
3146
847
2001
4459
8640
7245
3209
567
4024
9363
7421
8684
5187
4624
2728
1462
8639
2531
9524
4892
2627
4337
7438
7562
375
3168
7844
6522
9930
7447
8215
8705
6374
6514
3280
8600
6142
125
605
6147
3866
3753
8831
3555
2476
9343
440
3763
7715
9590
473
7965
7790
7651
4708
6814
4125
9559
21
2840
767
5965
2345
4020
4559
6291
5664
1868
5442
2349
1987
5188
593
727
9269
5450
7047
8123
9892
4281
6468
6366
9161
2002
2273
1130
562
4501
2378
9498
46
4825
6284
3646
3668
9789
2208
4997
5122
6066
1741
7858
2655
1503
1614
9394
2601
8305
3398
9743
7222
7342
602
6249
2625
2393
8535
866
8001
1338
3047
416
5180
8971
5219
80
3981
3054
8882
4530
8493
6097
6967
6946
5199
4797
6745
3850
5749
2784
6500
344
7165
7396
1110
573
5253
4938
7470
485
6893
392
4466
6396
8497
9118
3007
7851
2651
4891
6726
4827
2351
4776
1787
8535
9915
2891
2047
6292
6916
9307
1234
3787
9802
3338
4521
995
8380
9516
6627
2232
1104
5145
9350
7855
6963
7153
9030
1547
344
7341
9738
4619
9707
8614
3149
2558
56
2231
7615
1299
3361
1787
8635
2594
3106
7910
1143
1824
6557
6136
6748
7927
7944
1015
9146
8141
3490
8515
9890
6429
8978
9386
3092
9739
5986
4858
5444
2032
6087
7054
6940
4382
8628
9298
6470
9352
2568
7595
2229
7717
146
2970
2416
495
7924
2588
8179
7641
4992
336
9203
9676
3366
9867
4080
9783
9595
8569
1949
1599
5623
1339
6634
7456
3
1165
5073
9343
6422
4269
8293
9915
2759
9712
726
6484
4852
2001
7199
4149
2375
3603
3703
9270
7567
2018
3315
5408
9642
6331
6942
3960
5884
5512
1640
5466
1688
2946
5379
4163
6449
379
8063
8669
5064
9505
2324
1997
2745
4918
8662
7359
3837
6753
2863
1394
8140
7874
7007
4238
5579
6635
1783
6155
3668
9671
4406
6281
934
3982
331
27
9010
8295
1069
6588
7113
6385
6338
3975
3040
1147
9469
1203
328
928
3672
225
4
9632
5372
7917
4994
6022
9445
1975
9347
1780
6658
1665
7129
5301
5300
574
8250
5504
8061
6207
4677
5381
3969
2985
1824
8889
3635
3733
5649
2231
91
1476
641
1993
7191
9071
9432
9690
8353
1710
69
6048
2833
2157
6658
8772
1429
7771
2058
7223
221
2519
8398
8804
6201
9960
4165
9815
1462
2218
3662
3296
659
7452
8389
855
8570
7149
8791
1710
96
6879
3633
3248
2320
3668
1282
9543
9837
1828
9516
7615
388
8952
2229
9452
5290
7817
5923
8153
2240
7854
6169
3656
5581
477
8881
6573
9635
4325
9361
9687
2353
3600
746
9898
1797
3743
4125
9568
2526
1310
5620
7801
5724
929
3669
5608
8637
9219
5005
7489
9127
2289
8380
4881
6262
6942
4945
1159
7454
4170
8675
8776
5053
3268
6783
6778
3989
5904
8626
4449
5343
954
6177
859
8777
8519
2314
6499
7698
4353
8030
9808
5941
8209
5851
3710
6114
7884
7762
9973
5508
3037
3711
8521
8634
2213
8295
8686
1656
477
5155
8932
3104
3107
3607
5705
9374
111
2588
6891
3189
7326
1312
5502
8360
5339
2846
780
9997
7548
2127
4242
5991
8834
7867
9440
7054
2380
4771
4336
3776
7570
2451
5421
8255
885
8026
2535
1376
2297
8398
6809
7784
4720
8570
4012
8927
5260
3165
93
5212
892
5866
4894
3461
5663
6358
9021
6991
4892
5220
4132
6787
9793
2240
4957
3821
9803
560
1111
6031
8799
9973
7629
5351
1861
507
3269
9586
4758
9927
678
5220
7525
9995
2915
6347
323
2855
5993
5247
6146
8880
5186
7540
2356
2020
9515
6336
5178
8393
9358
6059
2500
7262
3655
7983
3407
4814
417
8012
2622
7418
8034
8074
769
7582
6187
1440
3465
3511
6161
9685
9604
5693
322
9055
82
1079
8381
4931
408
453
6787
3697
2259
2860
788
8474
6569
1875
4801
2125
7212
8061
4255
6892
5743
6212
5110
8000
1855
8814
8431
8867
8021
6216
4322
4847
983
5305
7191
9161
7047
5649
2312
756
2160
9227
3421
7014
5524
1365
4054
8658
9358
5030
5192
3095
6512
8169
9106
2332
2452
6081
7627
3754
4437
5188
3681
8480
9429
8737
4270
8795
6421
6004
6263
5582
2730
3815
5417
1986
9459
8449
7355
5205
4965
9212
3830
5811
5932
4025
6903
2810
2773
7286
4609
5541
9151
9615
4328
9339
9297
2860
7525
6156
4094
3763
8161
3322
4669
8584
6655
1689
9507
7568
9194
8597
9836
6288
5924
9414
7637
1117
2916
896
2988
2326
1299
2320
2873
9993
6806
7397
5723
6921
7955
3592
5006
3132
4133
9060
6555
9089
2396
532
9890
3789
7141
7878
6586
9652
4312
1871
4525
9829
4121
7642
5686
8819
4119
5998
1227
1187
6890
6809
1061
4339
3051
2182
2150
4495
4893
6080
6555
4299
1521
7883
1921
2181
3203
6143
4331
6524
2289
5842
7552
7345
6136
5775
9793
8717
8878
5712
8569
4064
1427
6612
2075
9450
4588
9815
2528
8931
7734
2712
3740
7019
8697
9208
637
5435
7482
1307
8440
5983
5686
1667
639
2238
1092
1832
7698
7886
3858
1588
744
1167
1677
9254
6490
7457
4012
2028
9893
4422
9228
7977
6087
8094
2161
7477
6248
1916
2147
1426
796
4362
9980
7454
3024
2625
2168
6506
1135
1348
1322
6262
2501
8830
1301
5328
3562
2025
4265
3005
280
746
9189
3218
315
7847
5079
7710
4418
7541
7377
4983
3875
2586
2999
2462
5460
2343
9005
4264
2640
9916
7225
453
3966
352
7222
9688
6880
216
7117
2685
4639
9521
4961
8120
3614
5014
603
1443
1422
7073
8624
9443
3478
3219
6646
8341
3558
7945
6739
4159
6704
1518
135
793
7704
827
6335
9870
2405
8317
2714
9979
2956
3477
5701
5307
1029
731
9127
2661
3050
3037
410
3752
9510
618
3061
3087
1079
8319
896
3764
9661
2248
1679
1187
9109
485
4918
9576
4986
3088
3794
9783
7116
5810
4839
1024
3918
8151
7331
3687
5177
8551
3194
1513
7827
9963
5829
283
6848
5550
8458
3963
6040
4856
8994
5558
1771
2545
4788
2765
3052
5476
9641
2524
1460
7929
8362
7560
7931
7315
3297
1275
7863
9176
5781
4450
1972
4866
4114
7404
911
4952
592
6587
6839
3434
8724
7640
3961
9942
2420
4748
7477
909
874
2638
7157
4081
6337
7686
5491
8372
3487
3052
3357
3898
9964
6456
7696
4959
4892
8981
5641
1518
4616
3901
3233
3881
2959
5222
6706
8307
9567
8132
43
8965
2863
640
1741
7071
2836
600
2864
9982
1748
9470
485
3295
1326
8223
168
1367
5510
9724
5938
6099
2515
7861
6371
1541
6159
1275
1125
355
6515
2583
9251
1101
2723
6081
9714
1408
8246
498
330
3475
1284
3783
5688
738
463
7198
1071
2642
6943
5905
795
5011
5439
9946
2264
9007
7056
9499
6934
9470
4898
8720
7150
8802
6143
2814
3335
154
4995
4641
8293
1653
2113
603
7356
9571
9560
843
6948
4143
4087
2667
1367
2343
7165
7150
4594
1529
3810
1043
422
4134
2853
2407
5274
7803
6485
2658
851
4025
3888
331
7783
7418
2406
1108
6049
774
1815
8253
2498
850
2999
9347
2697
7728
6243
4220
5501
6892
5808
1393
1476
9230
6429
5649
4668
1069
4763
4558
432
3176
2277
7150
2764
9274
2708
6956
2073
4604
80
3606
3870
7158
6428
8343
3003
7361
9457
3060
9759
2807
9620
5799
1455
5856
6306
16
1766
9282
8107
1919
3117
4976
4054
7853
6297
4481
5684
1997
4644
8545
6512
7348
1575
479
6907
6569
6634
3377
9683
7614
8124
9447
7017
9835
9507
6831
6248
8677
3562
1317
3034
341
7722
2049
5684
2429
8073
8567
9408
6038
1604
2714
2869
6576
3576
5273
741
4744
6663
5812
45
462
1825
217
3208
9998
5759
4957
7978
4534
7984
3115
5404
6424
4884
5758
5246
3400
6021
2205
3058
5394
1022
9747
6240
3623
7220
3184
5865
3690
9129
2649
8314
7275
1466
9647
2578
3749
1757
9660
5156
262
339
5062
9700
1698
666
1605
7042
928
1353
4613
4504
9446
7226
214
2822
6159
9134
1136
5451
7418
793
4020
500
6937
4312
8098
2726
5882
2310
5818
3504
4632
503
1745
5913
8175
3424
1410
5611
4127
9890
466
8567
7605
9454
5036
9507
2011
1057
6312
7369
5682
5469
6339
3358
5836
2966
5802
3626
4530
7789
9932
4137
7406
8920
1446
8334
3639
9547
8173
6473
2299
3688
6295
2849
2361
7900
835
7535
2355
4002
6876
947
5532
4319
1103
4526
6790
1156
4162
6087
1154
9624
6383
1481
2474
5939
6113
7902
130
8348
1489
7531
5655
6561
5372
2404
4965
1259
880
683
5199
5663
2755
4226
2127
5511
985
8547
9240
4397
8454
9614
8217
6318
6376
9264
7373
7864
1438
4223
1210
6939
5587
1627
1358
4226
1900
3803
7634
9460
5188
812
4213
2151
7659
1415
524
709
291
6828
6855
3287
1194
9377
9746
641
9323
9861
1586
855
3995
7032
248
5236
8388
189
1392
2805
9746
2856
9640
2147
634
7351
2517
5438
5294
4884
6795
5855
1230
824
8141
3015
2269
8309
7365
2007
9323
628
4817
2376
488
9284
2460
9788
9084
5331
561
8209
9205
9843
715
3612
7421
4646
5827
3729
6925
7613
1869
6842
4335
6860
909
8932
4624
5056
664
3340
7979
4322
8288
9591
682
8913
9251
9247
7423
1299
9633
4875
3314
2031
7451
6231
4848
6886
4831
5091
182
399
2160
5053
1420
141
1453
2282
5394
413
1276
2208
1158
6299
1312
6980
8852
6350
7632
5922
6233
4199
9529
2670
4508
9043
8874
330
3724
3803
3199
1344
4659
4067
4354
9129
354
1
2227
2977
5976
6488
6227
2335
6050
6644
7298
4947
2077
3716
4140
5748
6132
5918
1230
8054
6144
6721
9510
8564
39
4843
9473
9076
5459
7808
9504
6297
5361
6018
5185
6986
8959
3572
8905
2074
8680
9531
9599
9651
7942
1932
154
5507
7559
8520
9961
2887
4945
137
5134
3321
8259
7918
8519
3303
3459
2373
6249
8434
5496
4381
9652
1933
1082
3449
6553
7789
4163
8834
8020
7156
8502
9877
526
1631
8361
8337
9081
1883
4941
851
4094
2133
4408
9551
9410
9149
4988
3663
8256
688
7404
9932
7793
4283
5018
20
4724
600
3981
2334
3595
4920
9112
3575
2107
9535
557
5758
5494
7078
1285
6832
5522
2415
3164
1859
1770
7091
1114
9931
8
6891
66
8859
1837
5522
2361
266
639
4756
9625
6932
3150
9794
8646
5410
6714
3247
830
3261
4219
1213
9612
7562
3012
6130
3174
4479
8633
6300
9301
8186
1413
4525
5492
2658
3591
2239
9153
6006
9617
5940
3766
7443
9473
6124
8761
5580
2899
9184
6338
7884
3028
1701
1287
9189
8046
3219
7913
5368
4832
6438
3306
4463
9056
1052
5638
1507
5326
9244
2004
7030
1283
4910
8411
8925
159
2522
8055
2162
953
6540
5305
8593
899
9793
2130
2156
3532
2448
6771
8641
6189
9842
7456
5017
7882
7624
2191
4921
2941
3908
8135
3749
4333
7681
7475
6225
4412
2980
46
4552
2867
5177
2907
6551
4100
8854
4656
8009
2206
9740
284
7128
7190
3918
130
4387
547
6827
5788
3486
3755
1845
8975
5026
1204
3668
7356
2571
4341
4472
4020
9174
5961
7950
8962
3165
2155
4916
5460
3259
9976
6875
6161
8610
9781
5492
1377
6704
8377
6847
5873
759
6766
7403
1476
4997
8397
8344
9464
394
2699
7471
1158
9444
5517
2983
413
7995
2463
1377
391
8716
3540
2147
4766
6304
2868
4120
1626
7614
574
463
5801
7667
9592
9462
8295
7040
7914
3366
749
7180
2567
4832
8420
9880
3482
7510
2522
3581
9233
9891
7537
1853
6375
608
4507
9553
728
525
8514
2466
7647
6764
6919
5609
6990
4228
6798
634
3592
6893
8469
4184
9805
9939
6191
6313
7529
6725
3134
1937
8491
76
7554
1410
8268
7868
7810
8925
664
2596
9818
3807
7269
7873
7001
7755
1333
3776
9493
4819
1473
9434
1712
3293
6575
9129
4919
4613
4702
6651
5385
5767
7369
9778
2932
7982
2686
1677
5338
4697
645
3731
8120
2215
5401
1211
4489
686
781
7394
616
7691
4671
5724
1032
7026
5539
2491
7529
4818
6325
475
9280
1068
5091
1281
3911
3958
5867
2311
3152
5623
543
4279
5816
3330
8127
9827
14
4787
9402
8788
4394
5218
7917
6499
8948
9202
2322
3074
4220
1923
7885
4594
5931
9495
1148
8758
4717
1865
6984
1662
1982
7870
1014
5787
7436
2684
5303
1858
6787
5909
5405
9831
8612
823
6894
7509
6795
3333
412
5137
8759
332
433
8163
5548
7422
1268
9428
1821
9014
2986
1930
9888
748
341
2002
7701
1192
3777
5363
3943
5047
4731
6736
7975
1437
8554
592
1078
2372
1425
3555
5401
2314
756
5921
7630
8213
7429
9816
3112
8029
43
3420
8524
8430
2610
1070
4442
1637
9838
8515
6161
6825
2723
2096
4640
7478
2826
7084
5134
9463
2912
3282
6480
9681
290
8077
7445
5997
3485
2800
146
3569
3822
9960
6870
7140
6570
8501
3375
233
4687
7309
7196
2167
660
5812
5641
9162
4997
3992
9214
9199
5793
1017
9722
6736
1889
5965
9681
9267
7254
1752
8016
50
6501
6723
7287
6165
1278
8060
9958
7049
6783
5165
4532
3954
9190
5375
6270
7484
4046
6465
5237
396
8491
8413
1858
8642
7233
4616
6754
4139
5520
5326
7131
2772
3444
4964
4182
7589
7708
4591
7921
1897
1950
5821
9141
8529
4792
4670
4197
9715
136
8073
2768
6130
5043
4460
4
7993
9606
5371
8764
9016
7355
7739
5262
2801
7553
5265
2969
1143
481
9705
7333
1973
2080
2503
2607
5026
9780
8173
6542
7378
3544
1558
3254
9123
7556
1542
2493
2002
3951
1890
336
7619
3148
4892
6806
6942
9195
4483
5690
5794
4894
4380
5063
4504
1212
4751
673
3753
3695
6862
2676
1917
4692
1492
9656
3940
2837
582
8330
2742
553
956
3810
1367
1079
3157
1999
1211
9401
7818
5474
7460
4798
7273
9829
5336
2396
4090
4935
1119
2059
6848
3804
8453
6390
6766
2857
6308
787
2606
546
940
7852
2204
4245
1058
882
6197
5390
445
2814
1658
2754
8844
2733
5782
4793
1901
6608
1740
4637
7886
2625
2355
2572
2479
7511
8970
2710
6614
932
3102
7964
9795
7145
662
270
4580
7737
7319
9552
3116
7517
4665
1320
2025
2520
1607
2005
8450
861
8553
8141
2883
4182
6693
8168
8010
5692
4395
836
8964
5272
7817
342
7692
3317
6154
919
2447
9154
7178
2770
9177
9882
634
9812
6968
230
9471
3070
8797
4806
1424
4445
4568
2846
7405
5292
1535
3904
2813
6000
4150
1883
9664
2735
1234
2102
6082
397
4675
3540
9662
8898
2705
999
5488
3929
6363
4425
8653
2250
1248
9792
7483
999
1077
5201
4562
9045
5479
218
5464
5997
8369
9165
4112
3499
3785
8516
8190
2095
8532
951
1200
5235
2155
751
8151
491
6782
1489
2182
7939
9641
5575
3858
6021
7246
3579
9527
9115
1604
4471
7517
2764
2174
8423
3189
9145
9994
5103
5563
2781
5618
8299
7271
7357
8629
8688
4732
2799
1415
9858
8576
1600
1415
5266
3454
730
8175
2609
3837
3870
6034
4431
8952
5119
2505
7733
5668
4033
8634
5193
3392
7164
2827
7565
9120
6199
1814
5120
6366
1993
8779
6042
5112
8962
4225
4793
9739
3724
9799
9463
5469
8008
1047
4400
428
1020
4969
655
8661
4991
7981
6227
7184
8456
102
4735
8803
7110
4597
7355
6255
2026
412
3374
5169
3790
4583
5410
2252
5568
7926
5944
3483
2974
4290
8275
6631
9336
3773
9394
984
431
5293
6319
239
2266
4026
8673
9890
4234
9350
7748
4094
6655
9872
6537
6455
8445
6211
4328
7154
6476
8889
6976
448
5712
2841
5758
4007
1803
3586
9246
2646
8620
8682
4729
231
7086
5792
6901
9628
6335
5720
1602
6098
9027
6826
670
1984
3164
3433
3530
8329
7144
2556
6567
4773
7014
3387
5304
385
8099
2993
8138
5452
5453
7083
6866
6814
7364
7949
7680
946
5948
8277
4196
4970
8466
1156
2451
944
7404
5675
8391
2727
5922
4925
8980
3602
8099
9901
7007
4676
5298
516
18
2067
8111
99
1467
2560
6183
8180
8338
7816
6316
859
9321
9015
4490
4621
9331
3791
286
3378
2984
7559
8970
2693
1295
8546
4311
1150
6986
7113
5998
1237
3347
9396
5051
2537
1975
2116
3531
5287
852
2825
6177
3043
8000
1205
2691
6596
4054
787
3910
3940
3932
2885
7284
2331
6018
6711
2912
5201
9011
3596
2594
5981
2561
6058
6286
2077
5752
4682
2576
225
4430
2438
299
7249
683
5205
3013
2615
7107
608
513
1391
3814
1879
9833
8617
7495
3834
7323
770
278
8938
3406
2264
6455
5123
4074
3187
9242
7103
4335
6046
1131
9188
9309
7672
5986
9435
1432
5836
2448
2947
972
1014
7168
7241
2452
293
3397
6669
3533
4916
3825
4854
166
4280
7380
7239
2242
3039
8871
1882
3197
3187
6701
1499
5980
9151
8126
7196
2219
4857
1404
9145
7798
133
5006
4163
863
1846
711
6025
8347
3965
6850
338
3098
3271
1356
9468
8401
6106
9852
2528
5821
9106
5155
7273
4384
5818
7901
9016
7401
7093
880
1372
7805
7294
6646
7030
3169
9162
1667
4433
9879
1135
184
7943
9246
1718
6689
3794
6057
4476
841
4573
6269
4455
404
3600
5846
5449
9128
2441
6467
2967
920
7855
845
5909
5330
600
9757
4926
3312
1877
2589
3127
7394
9047
1608
2564
6377
810
3146
3985
964
976
3570
3721
4692
8932
2186
6557
3458
2743
3044
7140
6248
2565
7549
1638
5564
6805
5935
2435
9975
837
5446
6381
6403
7294
8998
8909
2947
6643
2735
8991
1940
2616
1239
9610
624
7178
5853
4610
9922
1922
6783
4895
6317
8611
3871
9489
7533
8222
7558
8847
2703
971
895
3435
2069
1282
6909
458
7968
4812
6840
8099
9208
4208
5547
7239
4190
9006
4634
5318
2635
4769
9463
321
7925
4356
1930
9129
5358
3206
5880
9118
2711
931
8609
227
2765
9087
3448
7487
9888
1983
7093
9053
2400
3221
6878
3337
217
4989
9321
3759
5267
9689
1213
4828
4142
7376
7855
4349
7707
4549
1065
3711
9265
5197
2520
4749
4141
9391
763
8137
2370
9051
7132
4362
3980
5387
9486
457
6951
1615
9928
7160
7573
8338
5147
6173
1855
611
8853
4879
8791
8632
3561
5718
1109
6741
2893
9895
8102
1506
5448
7373
4200
4813
6812
5825
5716
628
8466
3680
553
6883
4671
1412
64
8728
4462
3225
5793
6491
7253
6243
41
1476
9282
2249
5206
7678
6505
9999
4705
2556
3542
7866
4912
6878
1168
7282
2990
2009
1684
379
5281
9436
2173
3105
4052
8253
3670
5863
9714
1792
5172
548
4188
80
1275
5334
439
5940
3272
8178
1994
9485
9746
6401
8673
5302
4615
3227
6858
1935
7212
5050
991
5305
1504
3635
6338
3316
9261
4125
4071
3375
173
7576
3641
5700
1332
1253
6495
6550
1164
5475
9618
3139
2564
9893
4367
5598
2910
8441
7229
8527
2893
6892
731
9725
3381
2250
8066
8825
4760
2624
4424
3249
8998
3722
2634
2075
3498
7317
8351
7280
2186
8394
1194
1329
6483
8918
3813
280
4360
5415
3835
1505
8689
5891
8902
5833
257
628
4387
6237
645
5706
2005
425
4594
3021
399
5393
9869
8733
1064
4532
7980
2763
3900
8606
3066
6251
5936
3995
5706
429
3603
3289
7775
3965
5209
3641
9844
4441
7057
8111
3495
6709
201
760
5327
4399
7698
5324
1135
215
4927
3373
7142
8707
9725
8548
1462
1893
3138
7813
8370
1623
7884
8889
580
928
4212
5893
5420
215
2285
3857
3647
5429
8108
2483
7621
9667
9093
6236
228
7876
270
2280
6224
6763
9822
789
9634
9058
4555
1461
4780
3998
9412
1511
3586
7847
9357
7719
3466
8212
6402
7432
1063
2141
6376
7044
8462
5462
4380
5026
2059
2650
1951
1971
981
5406
5423
7727
8107
2605
7760
7882
8082
2460
8515
4601
6006
1723
6907
7279
7003
8727
9846
7712
555
421
1418
4157
9111
2655
2439
2799
1969
1339
9013
4111
3795
125
8802
3697
3246
5531
8434
7791
8823
7853
4548
9490
3268
5693
2989
5851
1002
3541
21
1840
6414
455
9123
2381
8007
464
4482
2451
4237
3211
4118
3082
8116
2021
7930
4503
8352
3485
4868
9497
8361
7415
9845
4322
20
9877
4079
70
4755
5673
7903
809
6922
7493
7638
5882
6252
5006
2614
8109
9687
970
8241
1991
275
2900
2541
3323
5242
2965
3736
591
3104
3055
8623
551
8652
753
2866
2330
6741
2351
430
8885
8507
8393
2425
6725
5371
4410
8092
8634
5530
3612
1317
4679
9654
7868
7587
3955
3287
4987
6640
9443
6753
9042
4121
4684
9989
191
3509
1731
2040
5507
9537
4543
5828
898
3307
4936
5003
9243
9523
5362
6701
4430
2082
4008
6062
6029
5037
8479
7609
9592
7968
2199
1800
1589
3051
1653
2001
3346
8952
8298
1399
4666
6921
6649
4847
9267
9851
5275
7697
4322
1077
1550
3034
3915
1589
3701
6343
2286
175
3655
6114
4984
9502
8792
863
9024
1862
4622
3953
5963
2569
9907
1616
3210
337
9577
5669
2241
3775
7769
8435
4214
3069
4082
15
8242
2269
1514
896
1424
1650
2837
6616
9112
8659
7673
2111
9967
517
2165
8904
6029
9070
8118
9976
3532
9458
9797
8410
4736
2363
5631
3875
2571
843
3679
363
6583
6663
2360
2988
3972
1376
6660
2638
6794
2794
8544
229
3010
6848
1910
357
7748
5801
6991
9111
6452
3722
6858
5741
878
4007
451
8253
3617
5817
3589
8709
6041
8458
8858
8141
3811
2818
8531
971
6191
7229
7283
2082
3750
8789
1469
4837
3270
295
813
9678
3504
6144
8991
2739
6773
7518
7295
1705
1813
2011
3335
2543
4233
3921
4162
8531
9765
1099
9511
8158
1896
6687
5228
2803
1630
1497
138
9902
9582
6545
1468
5676
8260
6257
7818
4503
5470
211
1592
1182
5270
1584
854
135
4349
582
3787
14
5382
3397
402
5972
1665
1616
6859
9559
2591
319
2415
8301
2878
4362
7563
7789
5576
6017
1599
3933
3540
6941
3326
7892
4577
3552
4769
1128
4851
6529
9754
5175
4191
2942
1798
645
263
8296
8673
6226
7933
6986
5244
4608
4449
4628
825
7147
9014
1644
433
8661
2779
3273
5757
2302
5578
8162
8854
6628
1639
1404
5278
7485
4330
2317
1586
8059
7411
4944
7685
3781
1444
6056
5446
8628
9330
4024
7669
4909
9972
2162
5690
7964
5707
381
185
5797
6024
2578
364
6309
4297
4275
7995
9437
9612
4383
8261
4768
154
1064
7130
6947
398
624
8414
3409
6227
34
1356
4254
603
7466
5887
2755
4779
2665
9540
4893
3404
6455
2860
7578
2658
9447
3633
3631
9124
4791
3800
2738
1956
153
3151
3446
8822
155
1493
7322
9642
5891
8257
2497
5516
5971
8591
4121
5519
7773
2626
3092
8503
4190
7137
9809
9284
4725
5581
7172
8319
1691
1986
8507
7067
5747
171
3550
7310
1255
160
1208
3665
5588
6011
415
7824
9342
7797
9146
7099
4982
6690
945
8661
4296
2816
3277
4276
1928
2223
6038
9986
4970
2650
3225
5093
3988
5301
5917
2728
9619
8
7749
7903
3064
6091
9802
9731
6254
2354
9579
1249
5906
5350
8966
2100
984
1407
9405
5421
588
2769
497
8601
5757
5916
8929
1035
9485
2252
8912
8341
3998
2543
2460
9731
9395
9083
8082
8100
8557
3765
5584
5762
3299
6728
6841
9464
688
2251
9441
3360
2262
732
7827
9064
9746
6014
5863
7117
6194
1013
6137
4835
725
5897
920
9164
7573
2802
5308
9401
5430
4407
2808
9373
6169
8452
2981
6768
1821
100
9043
9714
8527
3344
5210
7223
1203
991
3741
8444
5325
4087
7721
1696
1902
1842
6788
3364
218
1981
647
4462
36
2327
7134
9222
3681
9188
8251
2543
2249
1902
6892
232
6338
489
839
746
6044
8912
3329
7621
1575
1589
8264
5621
5248
1989
4629
6959
4953
309
5405
1617
9447
7466
7066
7429
4776
6765
8024
6940
6003
6860
4765
5445
939
6623
2990
1707
4169
2978
9321
777
5675
9615
6170
8852
9860
4024
7367
1738
5887
814
2603
3446
56
8293
5446
5413
8480
9122
2923
6626
6770
323
4072
5165
3125
324
5394
3648
5523
4215
2426
4403
7811
6884
4615
24
1438
701
8274
7688
6910
1289
998
2047
786
8711
608
2453
1113
8713
8980
1199
6701
6890
5130
6564
1522
8352
6595
6902
8259
5319
207
6896
2205
8787
7836
5737
476
4219
9837
7499
826
3001
1616
7629
6702
5985
6972
521
6494
5523
1260
9658
5662
51
5201
8284
6401
6768
3881
8885
9429
6954
5799
2220
9141
5458
9445
5466
1829
9926
5074
7145
9955
6738
427
9416
2755
1937
5576
6705
1947
7864
4138
3335
5155
6970
6872
6339
4889
5865
3080
8420
3489
7833
80
2533
5830
4348
8839
975
9710
3150
9997
4707
7743
4719
4353
7916
5093
2261
8218
6684
338
7511
9760
1772
7669
5912
5443
8898
3115
1968
4695
4905
5145
4280
845
6981
2054
7111
3508
35
7765
7313
6456
372
5109
4789
3603
379
8698
665
3704
3820
2064
540
1398
8856
8266
7547
7283
9688
3643
2578
1492
3539
8273
8377
1640
984
3478
9244
2152
975
919
1646
4896
7373
170
2783
2152
2088
4613
4918
6505
7964
7807
3009
8427
4590
6182
7062
1696
1931
5973
3189
5126
8500
4421
2477
7380
1936
8812
8211
4392
7712
5846
7650
9262
70
9517
3580
7124
2009
8351
9298
1871
1661
7433
266
7450
3583
3361
3164
7211
2608
7927
1754
6651
8674
594
3056
7577
4172
9154
6720
6470
3542
7910
1894
5363
8374
7227
8981
4270
5464
8418
7441
1097
2433
3397
3812
8981
6333
8887
6294
7902
8691
595
6415
4095
7750
3917
2443
4774
1707
4344
1306
3201
1361
9414
4352
9639
8139
2430
5076
4894
8168
1699
3701
248
7638
9399
8603
9920
6394
3677
5788
4968
310
4345
3379
9067
4699
8268
294
3953
4045
1219
7586
7056
1437
503
1365
3068
2127
8306
8086
5621
2228
6728
7734
7189
2567
248
5690
7184
2265
7674
3965
5258
4767
9209
7167
1883
4711
7176
9104
6073
9800
8617
1079
1949
7878
9783
1372
123
5248
9954
5263
960
9313
3133
4960
3871
1863
2178
430
4763
4732
6449
7056
2885
3902
7641
657
4461
3203
2563
6502
2193
1348
4149
3802
4385
3708
987
7704
2737
6252
4552
2706
2270
8767
6166
3486
1987
6059
4805
6474
7896
3217
7177
7272
6704
6062
7970
3864
6003
2893
2246
6933
893
2738
6024
4808
2918
7464
2705
3538
5448
5923
8823
2372
7485
6596
8861
1566
5566
3400
6535
4506
6369
1554
2129
3877
5159
1066
9856
3950
7109
7687
2533
7234
3229
8736
7276
3923
2993
3302
5368
4688
8242
6875
5034
9995
2452
2699
6872
6358
3280
5926
1069
3440
4012
4487
8186
6238
8783
4951
2295
4768
6201
7743
1877
2892
3709
1215
8983
6713
309
6862
2537
4511
6546
8154
7685
1843
8153
1480
1675
1359
437
6733
1529
8611
3183
6530
6243
5655
1610
6166
9306
9141
5547
7183
5091
7109
3092
5368
7066
6464
8930
6023
406
4008
5218
4940
2296
1026
2988
2193
3580
4754
3412
8764
7615
1848
9341
6577
2524
3763
1210
8316
5845
5423
240
537
6509
5823
3744
5303
7217
8634
2505
3492
3477
7063
8256
4855
9743
6458
5204
9859
4115
7848
4823
2937
506
8632
6046
4344
5605
5191
6091
8523
3524
7968
6383
7848
910
4579
7776
5314
4191
5518
6348
6367
6000
3962
6589
1736
1266
3611
5383
6282
2095
6546
9938
7624
9901
8888
858
222
9911
7811
7693
2055
5265
1243
4756
8049
215
6747
4215
639
3450
6627
9028
7273
7495
348
8609
8466
3564
1120
9149
9583
3190
5200
4096
9386
9348
6752
8207
6152
978
2683
4695
7563
8244
4339
611
7924
5251
9106
8736
7221
2031
342
7607
3522
6076
4189
6459
3860
7977
2665
3367
3726
7151
8307
2398
715
602
8287
2856
7715
2986
6276
7122
6499
8152
6287
2067
6317
9429
7988
1670
9421
3491
3906
8291
3506
4935
404
7366
1824
2893
2971
7662
2632
3120
6077
4226
4985
4339
7574
2898
2652
6884
8937
1518
3920
4090
1012
2184
2233
493
3388
2831
8429
2849
6303
367
4763
9190
4586
9260
1568
6999
9823
6204
5720
7865
4834
7985
6759
2177
2675
3816
3597
3906
5830
7577
9121
8589
7320
9095
9800
6046
7451
5914
5232
8898
3133
6196
1659
4582
7329
5512
2546
2118
6932
1611
5084
9828
3344
2142
5821
838
7363
7400
3183
7570
825
9267
2094
3038
2436
2944
3153
4366
3342
1070
5074
3891
410
6668
4234
2742
731
1797
6558
8284
4076
5848
2329
736
9808
8252
5807
1156
3241
5724
784
2215
2174
2767
8015
2184
8334
9861
1427
3427
3518
8964
6352
2866
3824
6849
3772
323
1706
955
7920
4618
5341
9655
3983
7677
8208
1371
3496
9011
8594
1146
9774
8994
9854
6557
7815
8890
5403
6397
3837
3639
5501
9728
1026
789
6716
6213
7539
2668
4874
3448
6836
8002
7493
7212
4942
3096
3506
3848
4860
9880
4031
7120
880
1359
5420
7974
3963
6944
9888
5855
1695
125
286
3958
7012
9684
5981
3570
4618
8432
6661
4457
9845
6945
4296
2926
188
8381
5793
7944
3996
1372
7067
9623
9515
1930
7182
9571
7696
848
130
6747
4935
9007
4872
2931
2382
9474
3720
1589
2657
3014
5423
4786
4514
5844
3017
670
5817
2004
5893
9736
3434
949
2433
7973
4018
9151
2687
9409
7085
7573
2899
5226
5687
1322
7040
8741
7433
6102
4303
5403
5710
9536
9157
5352
1345
1735
1844
2638
6927
7769
710
3421
2823
2263
95
6956
2540
5771
1698
8217
8204
1366
21
5211
9519
4720
4982
7415
9125
1538
1060
9017
9707
3490
3948
9806
5784
3226
516
4693
2225
9196
8197
7163
8761
3709
105
9008
460
7373
3697
9311
975
6016
3591
7277
4245
5595
5988
1398
2891
9341
8058
5262
1499
7073
3700
6278
3199
1104
3891
1453
2098
6453
4810
9377
4989
3456
5274
6504
5879
5586
6185
7526
6443
2130
4091
6488
3723
8041
5017
8442
8855
4520
7103
8580
8487
2619
6206
5342
6301
7724
3227
8039
1603
9218
6860
8007
7331
4378
1432
2798
3210
3165
9446
9508
1530
9201
9192
3362
4440
7829
835
8941
548
2810
623
5757
5176
7891
1601
6643
8439
1443
6649
8403
7493
332
2065
1862
3567
3471
8788
8114
5273
7587
3506
6134
1701
3259
8691
1865
988
930
4758
4568
7056
2008
6191
9188
3358
9242
4328
5560
5718
7544
8264
5474
3233
7530
6592
2028
4733
8208
3958
9363
544
8319
9020
6557
5819
6642
4520
5534
9296
4250
8123
9651
9733
6730
2102
3510
4123
9456
6894
8551
1022
1650
4021
5632
4893
2176
5439
8719
8703
2157
317
9787
8342
9222
4839
6928
8043
4322
8126
4293
1530
5762
1484
3382
6961
4259
6582
6621
9691
4984
266
3356
9862
5295
4482
7685
1423
2492
2564
1228
3144
2039
1691
1412
7613
3567
7892
7260
6907
5906
7247
2506
4899
7855
2746
9559
1219
6113
6709
1383
9302
9113
7884
3428
9198
5000
8344
5514
7008
453
7282
1805
1578
9835
7915
9145
1620
6332
8756
4985
3658
1069
4889
6209
2890
2930
9263
1052
4950
9234
2190
9728
3601
981
5278
6215
4183
2035
1315
1414
3623
8444
3652
1016
7388
5998
3237
1077
7440
26
6155
258
6788
452
9003
5030
2144
8338
3323
9704
382
692
7537
9053
5084
6194
6636
3127
2804
6641
8041
8853
7880
6142
2151
5323
6245
2920
5944
6475
616
625
6281
1126
6565
6836
8953
1191
7725
9995
1161
4053
9772
5578
6651
1551
7896
951
1776
6078
7089
5461
601
9902
7069
9302
4540
3347
2697
1383
6646
7450
6173
9165
6778
2045
2927
5779
4757
4950
8391
4482
7055
5038
8247
8481
2801
9513
3013
8890
9457
1172
2643
479
8311
1460
166
1510
6180
6070
7604
8367
4730
9319
5820
7457
6198
9285
3927
9118
3257
8916
3976
8027
541
7523
8831
5545
2419
6428
7427
8092
5067
7216
9104
1858
9723
3136
8288
5906
3938
7879
636
4535
1307
6498
8686
7736
7325
7675
6412
7921
835
9731
3782
3585
9785
8411
3127
5133
7989
7119
1580
7159
6979
5876
9685
1085
6235
7708
9621
5826
3828
6540
7884
1718
6108
9228
2479
3728
1215
7524
6664
4172
8647
8319
4886
2795
137
5141
7561
2111
7562
5260
6511
6449
1833
2980
8146
1021
8607
2989
3183
1168
5028
6064
428
5251
2705
3643
1436
4085
6899
1587
1567
2199
1928
7924
1772
6642
6117
1212
879
5123
5614
7182
1372
9636
1743
7182
4361
5874
5102
782
4564
6850
7465
9802
8566
5022
4173
8463
5671
9150
350
8246
3656
1474
1279
3794
6185
2154
2732
4198
6467
2757
2642
7464
6259
550
2037
712
3287
1818
8116
9360
4933
1379
6281
7970
6386
6685
8942
8892
4164
5371
7940
2868
9482
4845
7986
4975
6176
1216
2285
9488
9877
9549
5880
3485
6736
5811
3266
6164
5842
37
4679
9616
2979
5566
7290
5406
7845
6668
9770
5584
5748
5618
2472
4959
2869
4799
8909
6026
2991
7824
2426
3650
6751
7370
8062
6750
6456
9961
4633
6616
9777
113
5811
8656
9310
386
164
5013
275
9242
8626
2730
3033
3354
2450
1475
4525
4049
1875
6050
9042
9409
5213
1318
8802
713
6811
1215
4063
4393
4218
2362
250
8527
1847
8040
3681
6803
1641
4944
7001
8451
8317
472
3246
3507
9901
2847
8510
2037
9458
3795
80
6307
1560
5424
1436
5235
8892
6974
3421
3190
9811
2595
1642
9568
9704
2530
9107
1073
3348
2513
5297
9129
8449
2014
635
9324
7017
8404
3341
6995
6580
4238
4170
7942
4395
313
534
7227
3154
2654
8752
3679
8271
2515
9720
5794
58
2569
538
9810
4259
6481
4658
967
5981
4257
4753
2766
5919
7290
5581
305
6871
1665
1825
4483
3644
9864
1414
8535
7002
1919
5029
7381
4536
4499
1221
4887
4424
3176
5409
5234
7954
9431
2072
2699
1512
1498
2713
8857
980
2817
9479
6933
2302
5683
3906
1453
7239
6304
8959
1395
5169
1071
6135
4020
4514
5522
225
4890
759
5196
3691
6934
5155
9846
5876
3911
4785
6844
7178
5809
6341
4956
477
2060
6049
5165
3287
1229
6196
3920
9880
853
848
4073
7254
7236
9097
6792
9454
3305
3504
2310
4652
3910
1928
5880
2713
4026
1402
4226
4211
5335
8879
9666
8224
1868
7552
4349
1164
3429
7057
7073
1575
7260
8274
3947
7974
9367
5669
3583
9974
4396
5637
4965
3182
5212
1536
289
514
7094
3379
7202
1856
1109
8864
7889
9727
2920
6474
8278
1793
8910
8596
5992
934
8212
6447
3560
1390
987
5254
2898
7067
5722
788
4629
6537
2045
9417
5514
257
4499
809
9996
4187
8621
6863
8961
30
9567
1918
102
5483
8477
5092
717
7432
7384
6613
9917
5167
2731
9191
4453
9785
7571
7057
8577
4235
5134
9220
3444
3843
2390
841
4117
1223
4365
4464
1354
1658
8156
1259
9787
9207
441
43
7150
163
7676
6177
6839
9461
226
223
3786
6183
391
861
1163
676
84
5096
802
960
2614
1721
9167
4248
1709
8807
6376
1292
8880
2539
5885
2045
6203
6629
4570
4454
4288
6693
7673
5296
3521
9202
925
6862
8941
3580
292
5599
3963
2651
2640
8781
8132
70
428
2328
6719
3105
9778
2597
3055
9225
5683
2380
7893
7856
471
257
7624
8593
9069
3451
4268
2746
2143
1159
8096
8348
8950
5119
4127
7410
3487
9420
3207
9804
9262
2044
1
9194
1091
756
1690
5200
523
7933
5347
1194
3581
306
9252
4713
2815
6015
1784
4129
5747
3881
3253
9758
2759
9112
8787
5226
8200
6940
1745
4578
2846
1951
3993
1605
7396
9920
9751
7715
2053
3807
2729
6604
409
9737
728
8205
9376
3691
6157
4423
3784
7546
6795
8260
7968
1077
1385
7845
7108
4921
9117
231
8060
3124
6945
1156
3019
815
4739
2749
115
6932
3046
1661
1369
3116
1161
1089
4590
9472
2154
1543
4265
5281
5222
2388
4133
9915
9051
8877
7710
4589
7016
921
3588
2961
6151
2840
3752
1795
2754
3224
2307
7576
3173
4844
1638
9043
6668
1617
7167
7687
941
234
9831
7935
2350
9739
3160
196
3068
4618
3296
7494
7168
2854
4478
296
1249
114
8164
8974
9805
4170
5219
9634
8541
8174
6357
1756
4397
7321
143
7175
9276
3555
8109
5464
1802
3224
8833
5278
9147
9450
4432
8015
7953
9306
5889
7123
3855
1513
8070
2293
1616
3114
6946
9024
4775
6919
2126
9078
1220
6992
4903
6554
7536
2313
7703
3386
5636
3212
7863
2830
7594
9596
3526
6399
4699
4688
541
9741
8070
6860
1098
5085
1634
4307
7288
2344
507
2005
7819
7721
9712
8777
222
109
3026
6049
9574
653
7600
1082
6061
7480
9972
1190
5602
7138
242
2110
9112
6629
8635
4585
2612
2627
8850
3761
2419
2118
1505
6460
5724
3869
2018
4097
3805
2371
7677
5629
842
2470
7863
8899
8731
1930
2320
1974
2017
2489
1332
8787
9601
4207
6758
7191
1436
9658
2765
7506
2761
7159
8462
7472
516
8482
2572
2228
9185
3452
9497
7852
8051
2670
2284
3278
4775
1266
9610
8977
9339
6273
7034
7926
7158
375
1854
6260
3765
2442
9394
9577
4665
261
9340
913
5454
2675
688
3690
6026
3208
333
5996
9511
9442
8299
4444
3687
3724
2801
120
4381
7142
2800
4257
6664
753
8059
2173
119
2580
6324
2149
2288
7096
5369
6906
7290
2715
7692
9049
453
591
7881
4024
2368
5266
4002
4162
49
5098
4351
6486
6885
6217
8573
4039
550
3036
9657
424
5384
1473
2962
3053
534
5832
7117
4151
6388
4878
9487
717
4951
9370
332
179
67
7803
4225
2964
4030
1238
426
2111
9189
7339
8870
4340
8195
8487
524
8863
4365
8088
3033
4892
3529
6261
3941
7941
1926
6303
5593
7831
939
339
4235
4738
7323
8983
4839
6373
5964
7466
5989
273
1262
9803
9945
5653
9930
6244
7578
5615
3526
3132
114
1871
2687
2599
4488
869
4806
7993
8695
6295
4939
2286
7449
7866
2453
472
3076
422
5779
9619
7492
3678
534
2965
3636
9310
6832
1511
2821
8426
9810
6074
3232
7676
3158
8317
1765
7170
2663
9625
8360
9198
5861
529
5972
3548
6163
9124
1252
5519
9097
4559
6120
7723
9847
2560
9014
873
4756
5704
8531
2777
2519
5755
5358
9882
550
8550
8889
6689
4875
6508
5192
4579
3219
8734
6377
7192
5208
7424
2647
8327
7498
5258
670
4886
6236
9838
4636
7002
8327
6087
5678
1871
1436
9138
3179
8416
8051
7801
7508
9515
4275
2239
2022
3855
4650
3468
9729
5602
9558
5672
7226
6667
7050
1147
613
5965
7021
1816
6779
4835
2005
5318
6342
7010
3854
58
79
4381
1247
8520
535
1513
3355
194
7653
9788
8480
7022
7111
4857
2906
7476
3563
5301
115
1587
1840
3657
6142
2597
6620
4273
3678
483
5477
6969
4910
1041
7574
7820
8362
1000
233
9985
5402
7696
1756
8594
6669
9513
8646
7226
4497
32
3370
8589
5922
6593
8474
896
1888
7917
7400
3825
6939
1147
7825
6389
7211
2753
2661
7021
6403
5851
7943
7583
2247
822
6828
8845
9596
6174
5377
6223
3900
425
7905
2703
9138
5481
9568
1200
2864
1056
1921
3238
4396
1772
2537
4580
409
3597
9103
9013
3746
7534
5719
785
5463
4213
9279
1211
1908
8570
8642
2714
3288
3358
1763
2895
1977
9213
6014
8400
1151
5631
8719
1739
4985
673
48
7883
7994
8129
2132
1274
4116
9169
3540
5572
314
4756
6898
7798
9012
7465
828
7376
964
7639
9066
8727
137
9455
520
6118
7569
4265
1867
9221
1470
9718
4751
6220
5982
1351
4143
9471
5878
8154
4575
6731
6148
8787
3227
6963
9188
6935
9392
2440
9279
3606
822
7343
3350
2243
3511
8384
6757
4830
4026
7759
4801
9998
115
8839
6183
843
2821
943
4067
3848
7053
4890
7914
2845
4582
2448
1695
7796
6700
6820
3235
2930
5794
566
1119
4095
7738
8690
3104
7783
347
4704
3702
3103
6548
5574
8361
4266
1348
4023
7685
3537
4340
4882
8872
6241
4840
5480
9078
6985
2056
2948
6104
433
6114
9888
9098
8387
1540
6629
6053
4216
2485
9285
8255
7582
5929
7879
9035
4868
1230
6501
6187
37
3512
7589
2022
5218
1607
7051
5485
1754
3544
585
1444
4766
1684
8107
1801
3526
8603
1460
7085
2725
3453
8975
6323
8092
9742
2290
8075
4838
1758
9317
8786
3128
3706
4138
1126
3477
2415
112
9018
6970
1132
5499
5962
6111
791
7720
6442
5888
2981
9488
3807
9215
4646
6531
9891
863
394
3734
3736
8645
2557
176
4320
9248
9497
2577
7107
9711
320
7576
6854
3740
3609
4621
3817
6049
7374
2569
2518
4160
1661
2459
1018
6612
286
5736
1223
5645
2974
1744
569
3491
1542
5632
7526
4871
3144
2724
2426
1550
6995
4940
8397
5226
2025
6432
6738
5450
2333
2482
1075
4949
9185
5932
6469
2959
108
2556
7887
4932
3278
8860
6710
7726
2715
4645
8555
2522
7525
543
633
5691
2821
7545
4684
6460
7501
4488
7753
9460
3642
6957
7949
5984
1961
4145
7202
6406
3453
6392
9302
2500
9941
8570
3085
5501
2665
2503
9946
4582
7082
8775
7287
4428
433
3751
5186
8113
657
1400
8353
9776
8299
4316
2389
1776
1548
2310
4668
8048
2079
459
6682
8556
7949
4120
7695
2390
3381
5548
6886
8091
8012
8750
661
717
1370
2815
6025
9654
4274
5681
8868
9229
3334
5909
2746
8853
5232
6281
1834
3459
6332
2551
319
8147
84
8231
8768
3091
5044
9043
5307
3569
8014
5432
4076
305
7692
3281
9537
8653
1840
908
262
9679
7338
7563
6214
8886
6119
7654
428
3807
6019
5746
513
2724
1159
5188
4569
4743
631
9169
9627
8075
642
9789
4948
5394
7373
5594
1025
9170
523
146
4530
6261
1167
7140
1894
807
5753
746
8137
5942
6621
9550
9778
4029
7
343
4950
4216
1455
6450
4192
6981
5652
7941
2171
552
5820
7498
6399
413
1629
8418
997
2595
6182
407
6037
6915
155
4866
2511
4404
5160
5341
5005
8846
5001
1657
9460
6962
2429
7042
4968
6473
3051
4668
9108
9503
2928
5496
3955
3462
2531
5206
2956
7530
226
7794
1120
4657
9196
6589
5883
1310
4237
4692
1107
6368
8053
7957
4660
1603
3095
7717
4991
6345
1412
8238
3176
5467
9550
6802
1233
2550
5099
9461
5742
8162
9653
182
1367
2771
7283
2123
6075
1297
9696
1939
8505
6511
8564
2390
3493
2040
3167
8494
9326
1874
2623
5644
9304
7931
6591
9611
3405
582
7650
9054
6384
7734
2009
9434
4588
2764
206
4076
4785
8042
7350
7039
6853
4479
2979
7225
1897
1419
7426
9060
2942
3216
4520
8233
3726
9780
6020
9119
9646
203
612
6347
9332
7456
6467
2404
7271
9319
2209
4255
6073
4955
2178
5832
6143
2517
7263
7933
2984
1669
9105
7041
4187
503
9646
7245
8492
9826
7469
7370
2730
6208
145
1025
2188
5785
5988
9042
2447
6894
7142
9815
2478
8257
9747
7557
7922
2755
3823
7218
891
9389
3057
1572
8097
3915
8600
30
6620
4564
7280
5942
5972
4217
2879
466
7880
5706
3685
6265
2336
261
4655
492
8580
1269
1042
4763
1879
5631
798
1652
3627
3621
5796
3058
607
2361
7717
6683
9107
5149
2138
583
6009
784
6119
6116
4404
1354
4510
6729
6391
8355
7313
4904
481
5146
4179
787
1227
9321
4456
1875
7328
7672
7048
4463
7788
2110
9404
3395
4101
6502
1025
9769
4288
4662
7658
9599
561
9215
222
2326
7007
4683
3205
9899
5166
8846
2928
6412
4328
6581
8099
2648
2515
9453
2951
113
5271
3213
1444
3147
6717
738
4680
701
3922
6491
1350
5852
708
9046
7116
1931
5649
9104
8004
7582
1320
7909
2684
6770
6667
5119
9697
2580
1636
9345
5353
9485
8785
2759
1549
2983
5465
1255
3950
1083
9200
2427
6070
3844
665
3361
1711
7148
136
2185
9730
6029
1927
6501
804
572
7543
