200
43 48 
77 86 
4 4 
25 31 
55 75 
5 44 
47 56 
25 1 
16 47 
22 75 
88 20 
9 0 
44 85 
6 7 
85 22 
13 58 
65 8 
72 8 
4 57 
12 94 
15 73 
60 57 
89 56 
23 58 
8 87 
62 76 
79 20 
59 82 
22 48 
95 44 
84 7 
42 78 
74 96 
44 3 
38 18 
44 14 
94 85 
26 76 
11 41 
58 9 
64 4 
96 41 
27 34 
23 56 
64 66 
1 21 
92 31 
41 27 
65 54 
30 32 
62 21 
73 45 
43 8 
83 90 
58 46 
28 1 
30 4 
3 17 
44 41 
14 22 
37 68 
48 63 
11 72 
52 95 
49 62 
10 58 
70 16 
9 7 
8 25 
30 76 
5 4 
86 26 
31 4 
70 97 
70 42 
58 43 
65 60 
63 25 
19 64 
51 87 
43 93
57 22 
22 0 
3 78 
45 11 
19 44 
15 99 
64 24 
3 43 
44 22 
67 72 
0 68 
36 95
25 9 
72 68 
13 22 
11 39 
9 96 
57 94 
66 60 
54 91 
72 28 
66 43 
59 80 
89 91 
71 31 
72 77 
89 3 
98 92 
31 43 
26 91 
99 13 
28 23 
32 7
50 5 
91 86 
46 53 
87 33 
97 39 
55 7 
8 99 
56 40 
79 98 
15 3 
30 34 
1 4 
6 52 
49 76 
50 82 
17 49 
95 43 
58 6 
15 24 
48 42 
13 56 
27 47 
21 91 
22 80 
69 93 
33 37 
32 43 
86 39 
73 83 
10 45 
50 10 
62 33 
3 25 
77 77 
48 36 
80 30 
95 46 
91 19 
45 37 
28 34 
27 42 
67 9 
46 21 
56 21 
73 89 
12 99 
17 41 
59 32 
80 5 
96 79 
69 16 
44 96 
46 87 
82 82 
9 73
5 78 
95 45 
0 95 
74 48 
40 81 
54 60 
47 81 
51 95 
42 30 
97 12 
17 32 
48 29 
80 2 
51 69 
92 34 
53 74 
84 8 
79 5 
83 62 
54 88 
82 23 
3 40 
38 70 
21 22 
94 9 
0 13 
82 49 
68 85 
24 32 
4 30 
37 72 
1 99